-6 1 2 -2 3 -17 999
-4 -3 999
4 -4 -3 999
777 999
-6 1 999
-6 -7 5 999
6 999
7 999
1 -8 999
4 -7 999 
777 999
-10 999
-14 999
-20 5 999
-15 999
-17 999
-5 999
5 999
8 2 -20 5 -11 999
5 -12 999
-13 5 999
-13 3 -9 999
3 -9 999
-20 999
10 2 -20 3 -9 999
9 2 -20 3 -9 -30 999
-16 999
777 999
12 -9 999
11 -29 999
-18 13 999
13 999
-9 -19 999
-9 -19 999
777 999
1 14 -20 999
-21 999
-24 -23 999
-22 -24 -23 999
777 999
15 999
16 999
17 999
18 999
19 999
20 999
21 999
-26 -25 999
22 -26 -25 999
23 -26 -25 999
777 999
-28 -27 999
24 -28 -27 999
25 -28 -27 999
777 999
2 -20 3 999 
1 999
26 999